308, 268, 31.945
307, 268, 14.472
307, 268, 7.331
306, 268, 9.071
305, 267, 6.228
305, 267, 4.223
304, 267, 6.146
304, 267, 4.222
303, 267, 7.381
303, 267, 6.125
302, 267, 4.685
302, 267, 3.994
301, 267, 0.443
300, 267, 0.319
300, 267, 0.279
299, 267, 0.267
299, 267, 0.302
298, 267, 0.249
298, 267, 0.25
297, 267, 0.27
296, 266, 0.374
296, 266, 0.277
295, 266, 0.251
295, 266, 0.257
294, 266, 0.266
294, 266, 0.251
293, 266, 0.277
293, 266, 0.261
292, 266, 0.247
291, 266, 0.257
291, 266, 0.256
290, 266, 0.325
291, 266, 0.267
291, 266, 0.252
292, 265, 0.399
292, 265, 0.253
293, 265, 0.264
294, 265, 7.816
294, 265, 6.163
295, 265, 6.901
295, 265, 5.906
296, 265, 0.417
296, 265, 0.295
297, 265, 5.171
297, 264, 4.692
298, 264, 6.578
298, 264, 6.023
299, 264, 6.047
300, 264, 7.812
300, 264, 6.022
301, 264, 4.63
301, 264, 3.997
302, 264, 4.455
302, 263, 4.922
303, 263, 5.026
303, 263, 4.179
304, 263, 4.748
305, 263, 7.096
305, 263, 6.287
306, 263, 4.927
306, 263, 3.949
307, 263, 4.089
307, 263, 3.655
308, 262, 7.286
308, 263, 6.598
308, 264, 6.246
308, 264, 5.888
308, 265, 5.914
308, 266, 4.745
308, 266, 4.093
308, 267, 6.324
308, 268, 6.618
308, 268, 12.125
307, 268, 4.721
307, 268, 4.087
306, 268, 10.58
305, 267, 4.719
305, 267, 4.085
304, 267, 4.808
304, 267, 4.235
303, 267, 9.772
303, 267, 9.609
302, 267, 4.499
302, 267, 4.142
301, 267, 0.432
300, 267, 0.333
300, 267, 0.338
299, 267, 0.319
299, 267, 0.306
298, 267, 0.28
298, 267, 0.269
297, 267, 0.271
296, 266, 0.272
296, 266, 0.285
295, 266, 0.262
295, 266, 0.281
294, 266, 0.265
294, 266, 0.261
293, 266, 0.263
293, 266, 0.277
292, 266, 0.26
291, 266, 0.316
291, 266, 0.263
290, 266, 0.798
291, 266, 0.287
291, 266, 0.291
292, 265, 0.265
292, 265, 0.292
293, 265, 0.282
294, 265, 9.996
294, 265, 9.744
295, 265, 9.718
295, 265, 9.33
296, 265, 0.487
296, 265, 0.329
297, 265, 4.801
297, 264, 33.167
298, 264, 11.35
298, 264, 9.512
299, 264, 9.383
300, 264, 12.835
300, 264, 9.663
301, 264, 4.746
301, 264, 4.023
302, 264, 4.2
302, 263, 4.348
303, 263, 4.299
303, 263, 4.156
304, 263, 4.605
305, 263, 9.49
305, 263, 9.532
306, 263, 4.353
306, 263, 3.988
307, 263, 3.87
307, 263, 3.639
308, 262, 9.646
308, 263, 9.85
308, 264, 9.29
308, 264, 9.213
308, 265, 5.745
308, 266, 4.377
308, 266, 4.258
308, 267, 9.525
308, 268, 9.904
308, 268, 10.809
307, 268, 5.95
307, 268, 4.519
306, 268, 7.147
306, 268, 7.038
305, 268, 0.439
305, 268, 0.286
304, 268, 0.306
303, 267, 7.237
303, 267, 6.423
302, 267, 9.68
302, 267, 5.437
301, 267, 0.45
300, 267, 0.3
300, 267, 0.285
299, 267, 0.267
299, 267, 0.261
298, 267, 0.257
298, 267, 0.267
297, 267, 0.271
296, 266, 0.315
296, 266, 0.26
295, 266, 0.272
295, 266, 0.261
294, 266, 0.258
294, 266, 0.261
293, 266, 0.244
293, 266, 0.257
292, 266, 0.259
291, 266, 0.284
291, 266, 0.271
290, 266, 0.263
291, 266, 0.262
291, 266, 0.263
292, 265, 0.3
292, 265, 0.283
293, 265, 0.263
294, 265, 7.395
294, 265, 6.686
295, 265, 6.634
295, 265, 6.896
296, 265, 0.435
296, 265, 0.292
297, 264, 5
297, 264, 4.596
298, 264, 6.593
298, 264, 6.221
299, 264, 6.073
300, 264, 6.882
300, 264, 6.238
301, 264, 4.672
301, 264, 4.4
302, 264, 4.65
302, 263, 4.543
303, 263, 4.648
303, 263, 4.505
304, 263, 4.861
305, 263, 6.902
305, 263, 6.481
306, 263, 4.475
306, 263, 4.114
307, 263, 4.228
307, 262, 6.757
308, 262, 6.907
308, 263, 6.962
308, 264, 6.385
308, 264, 6.194
308, 265, 5.9
308, 266, 4.718
308, 266, 4.266
308, 267, 6.437
308, 268, 7.174
308, 268, 10.772
307, 268, 4.695
307, 268, 4.37
306, 268, 10.151
306, 268, 10.106
305, 268, 0.449
305, 268, 0.34
304, 268, 0.32
303, 267, 9.719
303, 267, 11.891
302, 267, 4.608
302, 267, 4.323
301, 267, 0.432
300, 267, 0.33
300, 267, 0.332
299, 267, 0.294
299, 267, 0.29
298, 267, 0.285
298, 267, 0.265
297, 267, 0.291
296, 266, 0.267
296, 266, 0.287
295, 266, 0.31
295, 266, 0.28
294, 266, 0.303
294, 266, 0.294
293, 266, 0.277
293, 266, 0.285
292, 266, 0.29
291, 266, 0.302
291, 266, 0.297
290, 266, 0.297
291, 266, 0.295
291, 266, 0.307
292, 265, 0.28
292, 265, 0.296
293, 265, 0.282
294, 265, 9.953
294, 265, 9.857
295, 265, 9.687
295, 265, 9.968
296, 265, 0.439
296, 265, 0.399
297, 264, 4.712
297, 264, 4.474
298, 264, 9.617
298, 264, 9.436
299, 264, 9.407
300, 264, 9.905
300, 264, 9.506
301, 264, 4.646
301, 264, 4.178
302, 264, 4.388
302, 263, 4.579
303, 263, 4.472
303, 263, 4.335
304, 263, 4.565
305, 263, 9.876
305, 263, 9.558
306, 263, 4.494
306, 263, 4.092
307, 263, 4.059
307, 262, 9.505
308, 262, 11.117
308, 263, 9.661
308, 264, 9.493
308, 264, 9.307
308, 265, 5.777
308, 266, 4.485
308, 266, 4.085
308, 267, 9.627
308, 268, 9.833
308, 268, 9.323
308, 269, 0.636
307, 269, 0.316
306, 268, 7.482
306, 268, 6.409
305, 268, 0.429
305, 268, 0.316
304, 268, 0.277
303, 267, 6.897
303, 267, 6.463
302, 267, 4.721
302, 267, 4.646
301, 267, 0.448
300, 267, 0.313
300, 267, 0.346
299, 267, 0.301
299, 267, 0.286
298, 267, 0.275
298, 267, 0.306
297, 267, 0.283
296, 266, 0.345
296, 266, 0.271
295, 266, 0.262
295, 266, 0.296
294, 266, 0.263
294, 266, 0.275
293, 266, 0.272
293, 266, 0.266
292, 266, 0.258
291, 266, 0.268
291, 266, 0.27
290, 266, 0.288
291, 266, 0.254
291, 266, 0.268
292, 265, 0.319
292, 265, 0.273
293, 265, 0.254
294, 265, 7.075
294, 265, 6.852
295, 265, 6.428
295, 265, 6.339
296, 265, 0.404
296, 265, 0.289
297, 264, 4.715
297, 264, 4.722
298, 264, 6.535
298, 264, 6.231
299, 264, 6.482
300, 264, 6.808
300, 264, 6.238
301, 264, 4.411
301, 264, 4.292
302, 264, 4.592
302, 263, 4.406
303, 263, 4.7
303, 263, 4.469
304, 263, 4.845
305, 263, 6.639
305, 263, 6.462
306, 263, 4.516
306, 263, 4.149
307, 263, 4.188
307, 262, 6.452
308, 262, 6.445
308, 263, 6.659
308, 264, 6.28
308, 264, 6.129
308, 265, 5.948
308, 266, 4.543
308, 267, 6.196
308, 267, 6.249
309, 268, 0.47
308, 268, 10.586
308, 269, 0.468
307, 269, 0.331
306, 268, 10.291
306, 268, 9.654
305, 268, 0.442
305, 268, 0.326
304, 268, 0.336
303, 267, 9.616
303, 267, 9.472
302, 267, 4.497
302, 267, 4.201
301, 267, 0.408
300, 267, 0.345
300, 267, 0.305
299, 267, 0.313
299, 267, 0.309
298, 267, 0.279
298, 267, 0.295
297, 267, 0.295
296, 266, 0.306
296, 266, 0.271
295, 266, 0.296
295, 266, 0.288
294, 266, 0.279
294, 266, 0.292
293, 266, 0.281
293, 266, 0.264
292, 266, 0.293
291, 266, 0.282
291, 266, 0.289
290, 266, 0.294
291, 266, 0.28
291, 266, 0.284
292, 265, 0.268
292, 265, 0.28
293, 265, 0.297
294, 265, 9.883
294, 265, 13.319
295, 265, 9.915
295, 265, 9.639
296, 265, 0.455
296, 265, 0.325
297, 264, 4.604
297, 264, 4.639
298, 264, 9.657
298, 264, 9.521
299, 264, 9.368
300, 264, 9.432
300, 264, 9.389
301, 264, 4.571
301, 264, 4.189
302, 264, 4.277
302, 263, 4.281
303, 263, 4.384
303, 263, 4.35
304, 263, 4.596
305, 263, 9.536
305, 263, 9.716
306, 263, 4.476
306, 263, 4.123
307, 263, 4.097
307, 262, 9.471
308, 262, 9.63
308, 263, 10.762
308, 264, 9.487
308, 264, 9.307
308, 265, 5.785
308, 266, 4.323
308, 267, 9.176
308, 267, 9.269
309, 268, 0.485
308, 269, 1.232
308, 269, 0.467
307, 269, 0.31
306, 268, 10.495
306, 268, 6.637
305, 268, 0.421
305, 268, 0.324
304, 268, 0.298
303, 268, 0.291
303, 268, 0.306
302, 268, 0.266
302, 267, 5.189
301, 267, 0.381
300, 267, 0.267
300, 267, 0.266
299, 267, 0.287
299, 267, 0.275
298, 267, 0.272
298, 267, 0.256
297, 267, 0.257
296, 266, 0.298
296, 266, 0.275
295, 266, 0.264
295, 266, 0.253
294, 266, 0.262
294, 266, 0.269
293, 266, 0.28
293, 266, 0.265
292, 266, 0.27
291, 266, 0.262
291, 266, 0.266
290, 266, 0.27
291, 266, 0.274
291, 266, 0.267
292, 265, 0.282
292, 265, 0.276
293, 265, 0.263
294, 265, 6.581
294, 265, 6.355
295, 265, 6.392
295, 265, 6.651
296, 265, 0.411
296, 265, 0.299
297, 264, 4.608
297, 264, 4.477
298, 264, 6.334
298, 264, 6.174
299, 264, 6.016
300, 264, 6.405
300, 264, 6.049
301, 264, 4.47
301, 264, 4.005
302, 263, 4.258
302, 263, 4.107
303, 263, 4.44
303, 263, 4.295
304, 263, 4.634
305, 263, 6.427
305, 263, 6.187
306, 263, 4.273
306, 263, 4.01
307, 263, 4.299
307, 262, 6.337
308, 262, 6.271
308, 263, 6.442
308, 264, 6.005
309, 265, 4.607
309, 265, 4.372
309, 266, 6.111
309, 267, 0.426
309, 267, 0.308
309, 268, 0.319
308, 269, 0.377
308, 269, 0.356
307, 269, 0.321
306, 268, 11.22
306, 268, 9.839
305, 268, 0.443
305, 268, 0.305
304, 268, 0.33
303, 268, 0.306
303, 268, 0.283
302, 268, 0.288
302, 267, 4.812
301, 267, 0.402
300, 267, 0.288
300, 267, 0.298
299, 267, 0.274
299, 267, 0.275
298, 267, 0.281
298, 267, 0.253
297, 267, 0.293
296, 266, 0.297
296, 266, 0.28
295, 266, 0.284
295, 266, 0.256
294, 266, 0.288
294, 266, 0.262
293, 266, 0.261
293, 266, 0.263
292, 266, 0.268
291, 266, 0.28
291, 266, 0.292
290, 266, 0.278
291, 266, 0.284
291, 266, 0.269
292, 265, 0.278
292, 265, 0.295
293, 265, 0.287
294, 265, 9.916
294, 265, 9.525
295, 265, 9.527
295, 265, 9.55
296, 265, 0.428
296, 265, 0.311
297, 264, 4.377
297, 264, 4.336
298, 264, 9.324
298, 264, 11.613
299, 264, 9.422
300, 264, 9.584
300, 264, 9.342
301, 264, 4.564
301, 264, 4.038
302, 263, 4.114
302, 263, 4.059
303, 263, 4.441
303, 263, 4.345
304, 263, 4.521
305, 263, 9.499
305, 263, 9.415
306, 263, 4.485
306, 263, 3.997
307, 263, 4.175
307, 262, 9.517
308, 262, 9.387
308, 263, 9.603
308, 264, 9.373
309, 265, 4.523
309, 265, 4.332
309, 266, 9.391
309, 267, 0.463
309, 267, 0.324
309, 268, 0.31
308, 269, 1.078
308, 269, 0.663
307, 269, 0.502
306, 269, 0.383
306, 269, 0.316
305, 268, 0.339
305, 268, 0.257
304, 268, 0.288
303, 268, 0.237
303, 268, 0.276
302, 268, 0.238
302, 268, 0.254
301, 267, 0.287
300, 267, 0.248
300, 267, 0.236
299, 267, 0.247
299, 267, 0.249
298, 267, 0.269
298, 267, 0.252
297, 267, 0.247
296, 266, 0.285
296, 266, 0.244
295, 266, 0.254
295, 266, 0.271
294, 266, 0.24
294, 266, 0.24
293, 266, 0.24
293, 266, 0.251
292, 266, 0.25
291, 266, 0.26
291, 266, 0.26
290, 266, 0.246
291, 266, 0.252
291, 266, 0.247
292, 265, 0.263
292, 265, 0.246
293, 265, 0.241
294, 265, 9.986
294, 265, 6.646
295, 265, 8.673
295, 264, 7.393
296, 265, 0.434
296, 265, 0.311
297, 264, 4.841
297, 264, 4.417
298, 264, 6.592
298, 264, 5.961
299, 264, 6.043
300, 264, 6.4
300, 264, 6.046
301, 263, 6.974
301, 263, 6.174
302, 263, 4.371
302, 263, 4.085
303, 263, 4.647
303, 263, 4.335
304, 263, 4.696
305, 263, 6.352
305, 263, 6.294
306, 263, 4.397
306, 263, 3.938
307, 262, 6.418
307, 262, 6.223
308, 262, 6.357
309, 263, 4.85
309, 264, 7.341
309, 265, 4.541
309, 266, 6.128
309, 266, 6.988
309, 267, 0.418
309, 267, 0.289
309, 268, 0.356
308, 269, 0.435
308, 269, 0.329
307, 269, 0.342
306, 269, 0.293
306, 269, 0.279
305, 268, 0.299
305, 268, 0.324
304, 268, 0.297
303, 268, 0.276
303, 268, 0.304
302, 268, 0.271
302, 268, 0.269
301, 267, 0.286
300, 267, 0.309
300, 267, 0.276
299, 267, 0.284
299, 267, 0.267
298, 267, 0.283
298, 267, 0.285
297, 267, 0.266
296, 266, 0.281
296, 266, 0.284
295, 266, 0.293
295, 266, 0.29
294, 266, 0.275
294, 266, 0.28
293, 266, 0.265
293, 266, 0.268
292, 266, 0.268
291, 266, 0.265
291, 266, 0.279
290, 266, 0.274
291, 266, 0.291
291, 266, 0.265
292, 265, 0.288
292, 265, 0.288
293, 265, 0.267
294, 265, 13.376
294, 265, 10.416
295, 265, 9.655
295, 264, 9.859
296, 265, 0.41
296, 265, 0.308
297, 264, 4.48
297, 264, 4.299
298, 264, 9.37
298, 264, 9.281
299, 264, 9.469
300, 264, 9.613
300, 264, 9.307
301, 263, 9.638
301, 263, 9.29
302, 263, 4.422
302, 263, 4.115
303, 263, 4.373
303, 263, 4.21
304, 263, 4.44
305, 263, 9.52
305, 263, 9.492
306, 263, 4.446
306, 263, 4.033
307, 262, 10.875
307, 262, 9.615
308, 262, 9.503
309, 263, 12.002
309, 264, 13.738
309, 265, 5.241
309, 266, 10.248
309, 266, 10.253
309, 267, 0.499
309, 267, 0.375
309, 268, 0.421
308, 269, 0.614
308, 269, 0.384
307, 269, 0.271
306, 269, 0.283
306, 269, 0.285
305, 268, 0.285
305, 268, 0.277
304, 268, 0.28
303, 268, 0.275
303, 268, 0.258
302, 268, 0.272
302, 268, 0.288
301, 267, 0.282
300, 267, 0.254
300, 267, 0.266
299, 267, 0.26
299, 267, 0.298
298, 267, 0.247
298, 267, 0.276
297, 267, 0.272
296, 266, 0.248
296, 266, 0.267
295, 266, 0.246
295, 266, 0.256
294, 266, 0.259
294, 266, 0.242
293, 266, 0.291
293, 266, 0.253
292, 266, 0.291
291, 266, 0.258
291, 266, 0.281
290, 266, 0.26
291, 266, 0.279
291, 266, 0.244
292, 265, 0.261
292, 265, 0.25
293, 265, 0.253
294, 265, 8.627
294, 264, 5.532
295, 264, 7.123
296, 264, 5.55
296, 265, 0.411
296, 265, 0.287
297, 264, 4.858
297, 264, 4.442
298, 264, 6.928
298, 264, 6.377
299, 264, 6.258
300, 263, 4.661
300, 263, 4.205
301, 263, 6.685
301, 263, 6.087
302, 263, 4.942
302, 263, 4.201
303, 263, 4.553
303, 263, 4.512
304, 263, 4.812
305, 262, 7.125
305, 262, 6.692
306, 262, 6.81
306, 262, 6.35
307, 262, 6.408
307, 262, 6.261
309, 262, 6.85
309, 264, 6.606
309, 264, 5.982
310, 265, 6.62
310, 266, 6.744
310, 267, 0.467
309, 267, 0.326
309, 267, 0.28
309, 268, 0.343
308, 269, 0.377
308, 269, 0.322
307, 269, 0.306
306, 269, 0.283
306, 269, 0.301
305, 268, 0.302
305, 268, 0.307
304, 268, 0.28
303, 268, 0.283
303, 268, 0.284
302, 268, 0.265
302, 268, 0.282
301, 267, 0.296
300, 267, 0.261
300, 267, 0.266
299, 267, 0.261
299, 267, 0.276
298, 267, 0.318
298, 267, 0.266
297, 267, 0.267
296, 266, 0.307
296, 266, 0.297
295, 266, 0.28
295, 266, 0.284
294, 266, 0.287
294, 266, 0.293
293, 266, 0.264
293, 266, 0.279
292, 266, 0.283
291, 266, 0.295
291, 266, 0.27
290, 266, 0.278
291, 266, 0.272
291, 266, 0.279
292, 265, 0.287
292, 265, 0.288
293, 265, 0.266
294, 265, 11.091
294, 264, 5.227
295, 264, 10.513
296, 264, 5.068
296, 265, 0.446
296, 265, 0.332
297, 264, 4.691
297, 264, 4.373
298, 264, 9.65
298, 264, 9.547
299, 264, 9.607
300, 263, 4.57
300, 263, 4.011
301, 263, 11.954
301, 263, 9.824
302, 263, 4.638
302, 263, 4.238
303, 263, 4.295
303, 263, 4.409
304, 263, 4.51
305, 262, 10.035
305, 262, 10.058
306, 262, 13.033
306, 262, 10.072
307, 262, 9.57
307, 262, 9.672
309, 262, 9.905
309, 264, 9.796
309, 264, 9.41
310, 265, 9.606
310, 266, 9.616
310, 267, 0.458
309, 267, 0.329
309, 267, 0.331
309, 268, 0.377
308, 269, 1.358
308, 269, 0.574
307, 269, 0.287
306, 269, 0.289
306, 269, 0.278
305, 268, 0.29
305, 268, 0.286
304, 268, 0.292
303, 268, 0.255
303, 268, 0.27
302, 268, 0.256
302, 268, 0.267
301, 267, 0.273
300, 267, 0.252
300, 267, 0.258
299, 267, 0.276
299, 267, 0.269
298, 267, 0.256
298, 267, 0.256
297, 267, 0.252
296, 266, 0.291
296, 266, 0.257
295, 266, 0.268
295, 266, 0.262
294, 266, 0.295
294, 266, 0.257
293, 266, 0.268
293, 266, 0.265
292, 266, 0.256
291, 266, 0.264
291, 266, 0.252
290, 266, 0.251
291, 266, 0.249
291, 266, 0.264
292, 265, 0.285
292, 265, 0.256
293, 265, 0.258
293, 264, 8.206
294, 264, 5.212
295, 264, 6.935
296, 264, 4.909
296, 265, 0.438
296, 265, 0.273
297, 264, 4.786
297, 264, 4.315
298, 264, 6.468
298, 264, 6.122
299, 263, 4.635
300, 263, 4.521
300, 263, 4.277
301, 263, 6.353
301, 263, 6.305
302, 263, 4.515
302, 263, 4.198
303, 263, 4.555
303, 263, 4.361
304, 262, 4.857
305, 262, 6.939
305, 262, 6.507
306, 262, 7.093
306, 262, 6.491
307, 262, 6.236
307, 262, 6.202
309, 262, 6.528
310, 264, 6.362
310, 264, 6.007
310, 265, 6.378
310, 266, 6.635
310, 267, 0.444
309, 267, 0.316
309, 267, 0.305
309, 268, 0.339
308, 269, 0.392
308, 269, 0.301
307, 269, 0.29
306, 269, 0.267
306, 269, 0.332
305, 268, 0.294
305, 268, 0.294
304, 268, 0.27
303, 268, 0.282
303, 268, 0.283
302, 268, 0.293
302, 268, 0.309
301, 267, 0.297
300, 267, 0.299
300, 267, 0.289
299, 267, 0.289
299, 267, 0.265
298, 267, 0.308
298, 267, 0.279
297, 267, 0.277
296, 266, 0.286
296, 266, 0.284
295, 266, 0.273
295, 266, 0.278
294, 266, 0.265
294, 266, 0.266
293, 266, 0.291
293, 266, 0.27
292, 266, 0.299
291, 266, 0.297
291, 266, 0.274
290, 266, 0.285
291, 266, 0.275
291, 266, 0.287
292, 265, 0.274
292, 265, 0.31
293, 265, 0.271
293, 264, 4.775
294, 264, 4.685
295, 264, 10.687
296, 264, 4.742
296, 265, 0.436
296, 265, 0.295
297, 264, 4.66
297, 264, 4.375
298, 264, 10
298, 264, 9.613
299, 263, 4.622
300, 263, 4.496
300, 263, 4.21
301, 263, 9.48
301, 263, 9.53
302, 263, 4.531
302, 263, 4.224
303, 263, 4.272
303, 263, 4.183
304, 262, 4.547
305, 262, 10.199
305, 262, 25.254
306, 262, 11.649
306, 262, 9.856
307, 262, 9.622
307, 262, 9.511
309, 262, 12.472
310, 264, 10.087
310, 264, 9.5
310, 265, 9.849
310, 266, 9.805
310, 267, 0.464
309, 267, 0.339
309, 267, 0.372
309, 268, 0.386
311, 263, 6.83
311, 263, 5.709
311, 263, 5.129
311, 263, 4.714
311, 263, 4.499
311, 263, 4.66
311, 263, 4.57
311, 263, 4.372
311, 263, 4.487
311, 263, 4.082
311, 263, 3.994
311, 263, 4.053
311, 263, 5.661
311, 263, 4.889
311, 263, 4.684
311, 263, 4.982
311, 263, 4.66
311, 263, 4.688
311, 263, 4.332
311, 263, 4.195
311, 263, 4.156
311, 263, 4.907
311, 263, 4.632
311, 263, 4.424
311, 263, 5.426
311, 263, 4.712
311, 263, 4.664
311, 263, 4.69
311, 264, 4.812
311, 263, 4.844
311, 263, 4.324
311, 263, 4.102
311, 263, 4.132
311, 263, 4.151
311, 264, 4.2
311, 263, 4.108
311, 263, 5.289
311, 263, 4.634
311, 263, 4.531
311, 264, 4.798
311, 264, 4.524
311, 264, 4.685
311, 263, 4.322
311, 263, 4.18
311, 263, 4.133
311, 264, 4.17
311, 264, 4.109
311, 264, 4.146
310, 263, 7.937
311, 263, 4.874
311, 263, 4.552
311, 264, 4.53
311, 264, 4.401
311, 264, 4.43
310, 263, 6.609
311, 263, 4.329
311, 263, 4.068
311, 264, 4.197
311, 264, 4.165
311, 264, 4.136
310, 263, 7.415
311, 263, 4.814
311, 263, 4.631
311, 264, 4.471
311, 264, 4.372
311, 264, 4.649
310, 263, 6.499
311, 263, 4.243
311, 263, 4.157
311, 264, 4.419
311, 264, 4.288
311, 264, 4.185
310, 264, 7.913
311, 263, 4.619
311, 263, 4.838
311, 264, 4.383
311, 264, 4.494
310, 264, 6.557
310, 264, 6.496
311, 263, 4.26
311, 263, 4.45
311, 264, 4.312
311, 264, 4.115
310, 264, 6.097
310, 264, 7.102
311, 263, 4.386
311, 263, 4.326
312, 264, 4.19
311, 265, 6.897
310, 264, 6.336
310, 264, 6.207
311, 263, 4.175
311, 263, 4.14
312, 264, 3.803
311, 265, 6.332
310, 264, 6.118
310, 264, 7.079
311, 263, 4.363
312, 263, 4.547
312, 264, 3.987
311, 266, 6.649
310, 265, 6.896
310, 264, 6.622
311, 263, 4.315
312, 263, 4.346
312, 264, 3.942
311, 266, 6.274
310, 265, 30.345
314, 267, 7.398
314, 267, 4.983
314, 267, 4.917
314, 267, 4.563
314, 267, 4.425
314, 267, 4.742
314, 267, 4.287
314, 267, 4.038
314, 267, 4.198
314, 267, 4.135
314, 267, 3.979
314, 267, 4.376
314, 267, 5.567
314, 267, 4.667
314, 267, 4.924
314, 267, 4.68
314, 267, 4.514
314, 267, 4.34
314, 267, 4.098
314, 267, 4.065
314, 267, 4.226
314, 267, 4.437
314, 267, 4.077
314, 267, 4.005
314, 267, 5.196
314, 267, 4.721
314, 267, 4.638
314, 267, 4.489
314, 267, 4.585
314, 267, 4.515
314, 267, 4.186
314, 267, 4.165
314, 267, 4.067
314, 267, 4.082
314, 267, 4.118
314, 267, 3.991
314, 267, 5.125
314, 267, 4.626
314, 267, 4.383
314, 267, 4.38
314, 267, 4.505
314, 267, 4.361
314, 267, 4.135
314, 267, 4.124
314, 267, 4.057
314, 267, 4.039
314, 267, 4.13
314, 267, 3.968
314, 267, 5.063
314, 267, 4.645
314, 267, 4.464
314, 267, 4.327
314, 267, 4.291
314, 267, 4.416
314, 267, 4.196
314, 267, 4.1
314, 267, 4.052
314, 267, 4.016
314, 267, 3.983
314, 267, 4
313, 267, 5.034
314, 267, 4.497
314, 267, 4.287
314, 267, 4.565
314, 267, 4.393
314, 267, 4.605
313, 267, 4.074
314, 267, 4.24
314, 267, 4.111
314, 267, 4.36
314, 267, 4.058
314, 267, 3.962
313, 267, 4.757
314, 267, 4.572
314, 266, 4.352
315, 267, 4.649
314, 267, 4.106
314, 267, 3.979
313, 267, 3.9
314, 267, 3.997
314, 266, 3.903
315, 267, 4.363
314, 267, 3.987
314, 267, 3.89
